recording_id,s0,s1,s2,s3,s4,s5,s6,s7,s8,s9,s10,s11,s12,s13,s14,s15,s16,s17,s18,s19,s20,s21,s22,s23
000316da7,0.19756002577059156,0.09038347813172859,0.04917869019503773,0.004758756132527151,5.494541151892582e-05,3.1708938270485357e-05,0.004562628753634217,4.890810661773578e-07,0.3821597435813655,0.018112531564006204,0.00470574190265933,0.06465574410774728,0.08741365922456795,1.923978909807156e-06,1.919654441810899e-05,0.002647027351603739,0.00039893835397169836,5.895824725469555e-07,0.0769213398474601,0.013398395941717198,0.0015537544166482498,0.0004063903164580026,0.0009659468729060263,0.00010835399871334417
003bc2cb2,2.0335940164056718e-11,0.16270205365631346,0.11909396364042771,0.6653305367774165,1.685340066302416e-30,6.491531573955265e-05,5.465345760709406e-09,7.36632937010057e-27,6.306516400880284e-26,0.05273956173536591,1.5727382868683622e-19,1.111800866870868e-13,2.2759439659128645e-14,5.617150206669122e-10,1.6555053828397616e-26,8.28253138472049e-09,5.738291369824364e-10,2.7884399369355147e-06,1.3264466057126654e-07,2.7825414657931612e-06,1.479370457105859e-29,3.696251020830679e-10,3.290772959906841e-09,6.324668438427081e-05
0061c037e,0.007315927997516217,0.022633637067070382,0.0012493208421820114,8.550045185763981e-07,5.6071207492905686e-06,0.09866703396442503,0.05030902199323519,0.00014965434035030375,0.0808094327343431,0.5122189745022055,7.645269182058169e-05,2.5041459046106418e-05,9.721883502828644e-05,3.6702040923415267e-10,2.099182698733018e-09,7.144291884693485e-06,2.349773920377958e-06,1.1196271635800124e-07,0.07293858157075137,0.018851762670177404,0.09590564131929863,3.6922292597588826e-06,0.03873248842563189,4.673766575967695e-08
010eb14d3,3.805380639664807e-32,1.390151518491079e-26,2.7859450291558977e-55,1.4332225858911196e-45,6.123277809643704e-66,1.3521216996299064e-39,7.056795613690686e-13,1.5397314252739994e-57,5.310931354917715e-08,5.850103196251939e-29,2.9489614137030286e-49,5.45715768678236e-48,4.150868418938196e-64,3.118126110089295e-58,0.9999999468899808,3.869298338875881e-24,2.7351348907783215e-50,6.300265016289345e-71,1.7738480667633298e-31,4.886200123127162e-35,7.259859991924591e-60,1.3009792318215008e-52,1.4852261844996468e-33,2.183240122055038e-36
011318064,0.009968153993111819,0.12564887126481847,0.031699101909270624,0.0030763127577503884,2.607394122498285e-06,2.2028724243640247e-06,0.0009986821310584086,5.2205783154716305e-09,0.2979966516430152,9.60711134019572e-05,0.0004343784640927501,0.12894450727259152,0.18981845128873134,4.3631892255407825e-08,1.2194153795358018e-06,0.0002391174049554568,0.00022501270705332728,0.12384858548089786,0.0660989442730897,0.020589756735519445,0.00018038464401649618,3.6348072316883733e-07,0.000111081070094195,1.949383141087046e-05
01307e693,0.04347639942877874,2.4234825180531057e-06,0.0016410316794850906,0.023395884924906605,8.419713018797942e-11,0.0003451989436280439,2.97219184963343e-14,3.2507667632308565e-16,1.951620954137622e-11,1.3892213818430754e-15,0.0001755883182939074,0.058806403011805126,5.849443517786748e-16,2.9145313583935958e-05,1.3663830776135577e-10,0.00019902411242066824,1.1759135072560837e-06,0.004155456440075906,0.6325496102214209,0.17274757184008402,1.0644703683326354e-05,1.6784576655136592e-06,0.0010750465808710419,0.06138771638688826
013bd8b85,1.5676121066684347e-07,0.021672422585914727,2.0966699836113243e-06,7.945488256339534e-12,0.011531462895665002,0.14413561179656761,0.043538414281213335,5.215882789803632e-08,0.09157403298834883,0.000266605913652966,0.010645957873538116,0.38769782974847783,0.04283264182817131,0.005069135185549863,0.00048340103339919346,0.07600764793965509,0.04660549715591955,8.905144971690778e-07,0.03360547971239222,0.0024366849694463445,0.026620516351119543,3.6576270087489374e-08,3.883389389019285e-06,0.05526954166284461
01812f522,2.9638508894969025e-11,0.12875338791155969,0.25041796084085804,0.49073776714477235,2.463186180472909e-32,8.285533620906247e-06,0.010465115963671546,0.043478279370168835,4.2012822593617104e-22,0.0005711722327710268,0.038109418083614545,0.016242980027190834,3.7297378477801966e-27,3.4458046009050924e-07,3.3678976486197454e-21,1.535016564959005e-05,3.728314323556931e-26,2.073364129228052e-19,0.018382007800868985,2.9145933973795184e-05,6.721741814920732e-28,5.614053040903151e-07,3.771270247180507e-18,0.0027882229758771503
019db5220,0.04518659064333247,0.01063857443080492,0.009795514798588534,0.0008807291588177474,0.027138911397710675,0.017357134439692265,0.06562164881577233,0.0008484563721953426,0.41851056224942357,0.0006906713321509925,0.00708432749964816,0.07627490610615638,0.07027060031361304,0.0031189509476558307,0.013132011026989939,0.000371299375708189,0.01838940732582849,0.07592682353560065,0.02051448537174028,0.005208068474838285,0.0466920038426228,0.002104791146045987,0.0603220145148106,0.003921516880252425
01bd97dd6,0.17081196582599184,0.024416745587000018,0.0080021158380232,0.008268776778610485,0.014946135129603575,0.005012851621935071,0.09855919529856211,0.0028451278363801668,0.08823438080442905,0.0014365167372051653,0.00676097101819281,0.12476846639941262,0.07230196992836423,0.0024883902655668273,0.017294775356125173,0.00033987323436170737,0.027947500923502015,0.11465290413874145,0.008887754974806643,0.00726952419907689,0.08405191108365816,0.003610113521380452,0.10159975351399146,0.005492279985078996
01d36def5,0.10106649552389181,0.001292515989975768,0.000283537854402113,0.0008000186845810942,0.0005340358793689066,0.4756364564092625,0.0068925139241459085,0.00025385038323398596,0.027915787040963588,0.24627610126951502,4.090645006371424e-06,0.008070154758995033,0.00011650432536539413,1.8462943953609997e-08,0.015725925823658168,0.001850533019990098,5.974072071544469e-06,4.195991186206081e-06,0.01245622116740643,0.00031198012451560313,0.04453189940623443,0.00022188436780520425,0.05545590865279808,0.00029339622268277995
01fefebcb,0.007256952490391285,0.01711282845978423,0.004376891954455645,0.0022977886663099797,0.00013246848506692335,4.121219713416287e-05,0.006801909401010734,0.00010167057608556985,0.5501731490471863,0.006385711741548468,0.0022155607967941594,0.012880867198807901,0.14610759614171515,7.209974626796182e-06,0.00012047723689743329,0.0017777830658583485,0.0855618726506289,0.00021847535319987864,0.10023580868602056,0.016745248416853875,0.032976200212544715,3.339782626972012e-05,0.0023275054028693344,0.004111414017940002
0208fec47,0.01689300847360317,0.02787245633700158,0.0012411266140808517,0.001642611567782691,4.9562791516202974e-05,0.00016439706513384102,0.0015285988245851722,0.7508904933356159,0.0002492902062196996,0.01438234719461834,0.00036693971278645247,0.00030562210409830693,2.3375401897467782e-05,0.007935714576640036,0.0003182507112046319,5.205014731092326e-06,0.0001456180449009783,0.0017264335340214053,0.001125552311188711,0.1711604332308773,0.000291456921257964,4.33237737850782e-05,0.0007907807787243395,0.0008474014737288213
0232841d4,3.041477591281725e-11,4.244290710670835e-06,2.416975416215083e-29,5.824505195678912e-25,0.443626223735192,2.258794273805798e-10,4.4979215085357455e-18,1.2154233872981503e-14,0.04370073568635644,1.2406754862970897e-13,0.0019042881666066424,0.09401499855771638,3.841260663266819e-09,1.2835402446771607e-08,2.5451176086014267e-05,3.2494856999917077e-11,0.4163750034861202,1.7013381223138276e-07,1.0672210212451104e-06,3.315868262855983e-05,1.1922104482816884e-15,0.00031451742146797033,1.2447668560368994e-07,6.419686727003674e-15
02c30604d,0.1278875572750913,0.0003760521151774411,0.0006707575324057072,0.010742947346601955,5.567689829145667e-07,0.0895335459605428,0.001329964338178663,3.451080691531402e-07,4.2233057810741444e-05,0.07288099644622219,3.769291713634056e-05,0.0023266655722159178,7.407183143995537e-05,4.334793552268537e-08,4.2173504307344553e-08,3.8104826188970034e-05,1.7273490835230867e-05,1.143435450491209e-06,0.6043725810053019,0.08130408726206333,0.003817178067753767,3.893235429948118e-06,0.004499890939993558,4.237594566807694e-05
02dbcc383,1.4467284793297585e-21,1.2109140113741666e-09,2.091981485031496e-46,1.9290064557601383e-14,0.00036604460399364383,0.011802350547688334,3.9902151890334687e-36,9.484219537077077e-26,0.14766501670066964,1.9783879211854984e-19,3.1825957362222244e-07,0.5032866645075699,0.043106050688551265,0.0022812128504354576,3.228261963108774e-10,3.6525824097221325e-10,1.883120269223274e-10,0.043478260668764264,0.20494259115780675,7.347491499421707e-10,1.3127652134039968e-20,1.8238014490874165e-17,0.043071487192868164,1.3814113217748683e-21
0303dee3c,5.304446497462743e-08,0.005433304942370477,0.026942141132874752,1.3055775513783878e-05,7.30703807448553e-05,3.1979910318272347e-06,7.018465042966395e-06,3.1468883761679966e-15,0.04499404518419283,5.104095203752321e-10,0.0034948542903047134,0.08603392343646998,0.016535697297756356,5.38024218312783e-07,0.00029559918960710515,0.10837008826980896,0.12736618373068284,1.1995928482714912e-10,0.001322628817790683,0.05748361773048312,0.00017998979338434512,1.8597204948845262e-07,4.368362917680061e-09,0.5214508015324729
034f46152,0.2814569651663351,0.01031959037184148,0.015393088676270707,0.01220891279041951,0.003531038450002862,0.0011424054478771657,0.07529184987214965,0.014859476167854078,0.03669452379763925,0.0024933651136046157,0.0022901342487765737,0.04974751476836648,0.10810678792064786,0.005354576421884531,0.04101076039293987,9.999342356368651e-05,0.01471611632804521,0.09261518501324714,0.0025463376330329543,0.0022103444704130474,0.026703168599147033,0.0018088357888731796,0.19422368791640912,0.005175341220658963
037460d90,5.690126529887594e-12,7.964087936669402e-05,0.044335595920795466,0.9340050754019148,2.290437376693511e-26,3.0525233039671445e-11,2.720088007004414e-11,1.792602600911748e-23,1.0513286089993931e-26,0.0022786471903706203,3.751032592362627e-11,1.5199792473083844e-09,1.6880352941921346e-14,9.289336057972716e-12,2.5782575758744083e-24,3.8891339865021557e-10,3.2479317903547916e-13,3.740457017729851e-15,3.8170892722720126e-08,0.019262523338205,1.446561062060317e-23,5.465391370606645e-10,3.600576216409783e-12,3.847652886069842e-05
039395460,0.001336478212984434,0.0030093032323003873,0.23303957862463412,0.0004277708023973011,7.272399242660357e-06,0.13325499952354858,0.16606189469816893,0.00012399029935453076,0.0016554672184714606,0.021646235254149524,4.390372852046062e-05,0.01089882225583883,0.035047945555844,1.3031190192500957e-06,8.707679327582809e-05,0.00033575318531085417,0.00030560888722719413,3.1509052532485414e-05,0.002612854281410204,0.0030631561400510992,0.174374133481376,0.00011565871148754824,0.20767206335953417,0.004847221183320099
039892ae3,0.25608363202208656,0.0057534106385892176,0.0173006091565913,0.2859147618334342,2.2965188169758197e-06,4.05433712644361e-06,0.018287286561687138,1.069937877846128e-05,0.039308913336046844,0.002278275842853875,0.002178050280081164,0.005411217828077692,0.02649782019944851,2.1770678332685285e-06,2.208892885118551e-05,0.00011914546506875609,2.992705300521932e-05,4.982595080776338e-06,0.2907162452110537,0.019155803025829348,0.006440835961590522,2.323735597250389e-05,0.02424257239433298,0.00021195700776340104
03a06a709,0.20663351994326393,0.08003612649397664,0.009332328572281778,0.0003662551588676165,0.0004149069760144132,0.0901026049840396,0.11538518756739909,0.012351139102337816,0.12149759473876622,0.007523492083947897,0.002172689847095105,0.02478419941228427,0.02642613841007836,7.691654248001774e-05,0.001070471195440411,3.301622932503965e-05,0.01714911374306735,0.01449936881995495,0.002086658213857331,0.0002701580837117576,0.0743138796557758,0.006867855150531075,0.18605307102205088,0.0005533080534527757
03a9a5b2a,0.002193549545582308,4.799916656506992e-11,2.659487220738558e-08,8.599955362337658e-18,0.6755454249536683,0.06539392314957032,1.112904100086358e-19,1.0872680078458132e-17,0.008857416601881725,2.9301469126156104e-25,1.1217621406842845e-05,0.09774118570095108,1.0334015517263717e-12,2.9338998750720545e-08,9.412314291171196e-08,0.06795733035999452,1.4842591367160486e-09,9.413909089269658e-28,1.1368824180796106e-13,7.15729335842389e-18,1.620137938307337e-16,1.0713020758874571e-07,0.08229969334563265,6.853376649932713e-13
03d0c7428,0.5277092343369729,0.025044444047413954,9.575775096982142e-08,3.437704102855743e-09,0.10600689233015814,0.0007642265419144681,5.486099636742593e-07,1.3484151019805246e-07,0.056495911303308874,6.480150685015683e-06,0.0010802237864527956,0.1777483790978991,0.00012297821507534332,3.135968578624751e-10,3.9442823319496764e-06,8.068358863996228e-07,0.00017899754315745225,2.796707201202155e-08,0.07984139714401764,0.024989168410550017,7.192784093978665e-07,2.9280773700014758e-06,1.817152078134595e-06,6.405387206184155e-07
03f5a4505,0.03540057624694675,0.008534364453968631,0.0026671166414947633,0.0021424847292755567,0.0035671498257307606,0.0006055376644466226,0.009065604058975746,0.001876069973514436,0.05080233191356358,0.000231374090446767,0.0058917596678625395,0.6129578388857108,0.03884459540084582,0.021731221144944437,0.05318149751599427,0.00028054811978551716,0.003996789077793067,0.007451694200578173,0.0032966300329840097,0.002201612453682979,0.032312810018413816,0.0021360564005059616,0.07744853455214544,0.02337580293038967
03f8931a1,0.007352484342178886,0.1121113190324836,0.10409675075127976,0.27859417882459125,1.387628764265581e-07,7.097190200449134e-06,0.07858376197235228,0.0020184333830198225,0.0004373719416260174,0.0015575291632810657,0.02988489448958579,0.0036663993198360516,0.0007848464407371187,4.236595200306546e-07,2.747482132053543e-06,6.824663584656513e-05,5.658522754502708e-06,1.9268731630878646e-07,0.30308798965948514,0.03872370116962611,7.319760191518971e-05,4.153801725704585e-06,0.03867404070426641,0.0002644424613635769
04053cd3e,1.9500624339881271e-32,5.277415815469815e-07,8.283092513386343e-25,1.7354934081831832e-34,6.784846523805739e-07,0.043478206800782015,1.743624576849907e-18,2.939069885119486e-14,5.406878450737621e-08,1.0864962111658869e-41,2.377109130985321e-09,0.4032938427143839,6.7953398633144375e-15,0.08695322918117505,0.24944062088993119,0.1123726739128492,0.012450824861601118,2.435403280693925e-42,1.1099071108083317e-13,2.5753119384509588e-05,4.0473458402787436e-14,5.685718824910718e-08,0.0002286127399936614,0.09175491625039585
040d4f0d5,2.2918676868101074e-07,0.0001647699688562565,1.158418776956433e-17,5.819143664910862e-10,0.16106504835385999,0.0017994363827342423,5.502180165200985e-11,4.6962311293779693e-07,3.021386212400852e-05,1.0591192564583273e-08,5.84576311455486e-05,0.3580842839725306,2.7346561898481023e-07,6.823863571993318e-08,0.004481727296009237,5.521335967962959e-06,0.4546740538422783,2.5107694035813162e-08,0.006737732834681773,0.01221879465139682,1.9030916660511537e-12,0.0006781535006940965,7.249489275359812e-07,4.5669313204841634e-09
042a6c838,3.193807326635968e-07,0.046998754509758676,1.4439460904994165e-07,1.6645054470958245e-11,8.774900740774912e-07,3.8807804105377193e-07,0.08330156845287914,0.0006095357696461079,1.5009150729148312e-12,8.079609652086696e-20,0.26426502745800223,0.0043939871081275055,0.08699478803134345,0.09021291258588947,8.712838143616702e-08,2.373776485441521e-05,1.219160748000366e-08,0.0047291878304021725,0.07222913722040553,0.12311708629952649,0.0012841522248945953,0.08361858599082442,2.699391393525602e-09,0.1382197073724626
044173e0d,0.05009581907652139,0.018715408352676238,0.05304241916223912,0.009291727956419325,7.679759217705155e-06,4.727610551999729e-05,0.028248190155707592,5.1195985660586306e-05,0.4679194174990244,0.010780876670068268,0.0011143893453394317,0.007556349856587301,0.2581655668676045,6.713282377810392e-06,9.985718478475018e-05,0.00021673110072550767,0.0010678180351969978,0.0001806357039724363,0.04414127956419099,0.014678475316618686,0.024550330269412633,3.2868835726583055e-05,0.009610561273813323,0.00037841264059440186
04496d53a,0.1991553576634472,0.0004826489127586536,0.04548368249125992,0.041795267589581644,1.8382636252933943e-07,0.08821444386345527,0.08571069791686639,2.1486046690013022e-07,0.003384753662296754,0.010024937046260772,1.0824960151468613e-05,0.025187321498267242,0.000163529570232912,7.818472489286334e-11,1.943141424779548e-08,2.9117319788535824e-05,1.170755192818144e-06,2.751127312348228e-10,0.3439742384599354,0.008623319690683402,0.1325839894480415,3.6884910533064043e-07,0.015172970926362377,9.409047713146494e-07
0465bce22,0.015837496105893745,0.060731459255287966,4.594683798385059e-05,2.6541804705623787e-06,0.0017869693938806221,9.64691816051747e-08,7.48620470227711e-07,3.741016737131157e-05,0.3231270130974292,7.785236843279823e-05,0.0025922418882706635,0.05184319370277186,0.017704851732895554,3.2490468562642085e-09,4.224398749762303e-06,8.724466110270115e-05,0.25462034760905533,8.602887559302317e-10,0.24210280584925806,0.02939510017794443,8.775085735155213e-07,1.2304984960647978e-06,8.829138176651107e-08,1.4307576264874226e-07
047a7c4bf,0.25177701230023336,0.019537583784122365,0.01759255230500584,0.003675989762072616,0.00393150998221886,0.0033453384055585874,0.1077837515621804,0.02138425180098694,0.178757777719694,0.007316933429833533,0.004732335177416868,0.02109385041083788,0.07514504891417477,0.0013060386063439816,0.006551238130451976,7.70504518012425e-05,0.008626810998913704,0.08236613932504334,0.005404382835405037,0.0018730230309611348,0.04418391302390343,0.00178940974496581,0.12972709332716711,0.0020209649707072373
048b0a17d,0.33278905723754215,0.027306861793357135,0.012246366773385283,0.00024351817934447557,0.002412756542445416,0.0750377207514117,0.08661293412982085,0.012400751974719392,0.17250039792126237,0.01165100896927143,0.004528478656926212,0.010012198401743921,0.025822066352869516,5.98641171353438e-05,0.0020666048848514335,9.360281160740309e-05,0.011419043197345108,0.02790633057114411,0.003344254237480158,0.0002275924991059945,0.017983529142733615,0.041757774592257046,0.11748396656263096,0.004093319699608968
048b8700d,0.35227882625736995,0.05486065808617107,0.12418823521575162,0.0322828319918568,3.085134740144803e-05,0.005842259732335014,0.1766981752443434,0.0015536229082753544,0.08739352214112996,0.015225050435303644,0.00020575114904323368,0.004089070349218772,0.013051709250555973,0.00047078108084407273,0.0016645554701567936,0.0001209887919975264,0.0021252426756179156,0.001003140666869605,0.04337843523420449,0.022465095915218704,0.003123576238826859,0.00029183072169034234,0.05648318208818551,0.0011726070076320413
04997b478,4.672389290307346e-08,3.438838545147338e-06,0.0035228227599440037,0.9510161668084034,7.458946002418907e-31,1.392980131001941e-15,0.04347816615515924,2.6826109045217737e-18,2.8658634742320828e-31,1.492094376974044e-08,0.0019677819790993763,3.357374488984038e-11,9.639175265689378e-25,2.020766106794753e-09,1.6057306136313385e-26,3.8700020098957413e-10,1.2045333569156095e-23,2.4315330894289668e-14,1.762802591199318e-08,3.7406115027400246e-06,1.9870139899419796e-31,1.7000482501452055e-06,2.2644512621329332e-20,6.101084867652234e-06
04aa83271,0.2575604751320108,0.11713218704715869,0.011016183161439968,0.24997786119080492,0.000780953030795714,1.1890382832728268e-05,0.0033510317512497906,0.0054431392502993945,0.00185198091441347,1.3533775507509757e-05,0.0417144784131392,0.015072961170179823,1.6485974691544462e-09,6.801850797503512e-10,1.9503159849228427e-07,0.00022592346672225175,3.8216761449746405e-07,5.784884944080796e-12,0.10848093041591003,0.031566747232287494,0.0006957149614407195,0.03923659185820453,4.89039466195206e-06,0.1158619469171606
04aef0297,4.9783232440372475e-11,0.06000991513842709,6.4165510030840354e-24,4.327417533537463e-37,0.05624760085329661,0.04281034409438776,8.00793976563405e-07,1.1971805136659649e-14,0.15507486350949468,1.1685773775967891e-14,1.8811266403564242e-07,0.3538699858151028,8.19304317270304e-07,1.1930779767681333e-28,7.494536146975135e-16,4.068160472979151e-12,0.19919457287888254,1.0814304242531114e-13,0.1322461734862701,1.6529664067687917e-10,0.00013779736436250636,0.00040693842894405755,5.933115401478217e-13,1.6370109990555468e-21
04e21ba1b,0.1147492230783042,0.0655094189107784,0.23024623408268988,0.03850972315011505,4.4207534074217734e-06,0.024518241131904504,0.05025734147843562,0.00037937507329423087,0.0004519722968990659,0.05162104692536519,2.0957599768855643e-05,0.011115059440162061,0.009602385335959508,0.000630557226227052,0.00019150512668750664,6.381261560803436e-05,0.002785742183289719,0.025978929485111962,0.0459938900145772,0.032347982401175465,2.6950058383858618e-05,0.0009084609586357689,0.2793300560365843,0.014756714636635157
04f07f088,1.3171323121189352e-32,0.0004103473735984818,5.288417535689589e-20,3.368804223459542e-27,6.196244495237137e-12,9.152300107799386e-22,0.04369539104937158,1.15307283021848e-46,5.230130164251353e-16,6.331372091974604e-66,0.1880890048466577,1.0670264379444714e-07,0.04356150758742534,0.04395419591060822,1.8450151060363967e-12,1.0866649147763422e-06,3.4987742033271914e-06,6.895292252499392e-08,3.724471001354103e-05,8.079652819978451e-10,2.7354401632755063e-09,0.41950496275277205,3.026127755702102e-25,0.26074258112342147
052b35029,0.004298725465341758,0.035308986207794414,0.05157275862365113,0.07294951249904395,0.08703920464141549,0.00011587968624730214,0.1972939497104056,2.0663764593908473e-05,0.1537252819536357,0.004248258350061192,0.0016802251688269006,0.010543809838128146,0.06708781019687482,4.5313862652042753e-10,1.1456596413084345e-06,0.0002696341977053694,9.978100992472096e-07,1.6261087737220457e-07,0.22344657603218082,0.0019443685813635531,0.034294236243468064,1.5608893623463147e-05,0.05402038882488852,0.00012181458699326454
053f5fe34,1.1717869133790002e-20,0.004064695713234222,3.8519765234890435e-26,1.0137742370880383e-16,9.416424303141561e-06,4.820778549844287e-09,2.6006187666191065e-28,1.6817570293568242e-31,2.4379266289761767e-10,3.0722185197645945e-19,9.056319771854933e-07,0.015332471695164366,2.1190325546777636e-25,0.03226049482479304,4.638571979925496e-15,7.080013756380846e-05,0.3637754249709829,4.263570817447439e-13,0.0720801334765481,3.470202591349014e-08,3.100166376598468e-27,0.001067838622607546,2.9963360849857166e-27,0.5113377787357974
059859ca1,0.00300028907618885,0.02696074173614502,0.002753436114427677,2.9385030189113554e-06,9.558802920645268e-09,4.2530690294085626e-05,0.02359375122210171,8.017371922791876e-10,0.34005821023639476,6.455120152676358e-05,0.001017650383248335,0.005160947276641412,0.08474079837779945,6.767404156691843e-13,8.678203283514933e-10,5.244427376918744e-06,2.0078098989009096e-07,1.4254115390966775e-13,0.4908741296107833,0.0164961571799269,0.005159114497427492,1.4153066541778923e-07,6.913240055685895e-05,2.3525306642209745e-08
05d2c9fbc,0.004722673729474189,0.022721389937455653,0.15134220415169378,0.0549018496672084,1.1526402267768927e-05,0.00030011027489719526,0.21951570585472555,0.00012309237135505252,0.08834215496139981,0.000218674521760536,0.011988657241463451,0.008479353547731602,0.2814394433044335,4.322609573415535e-05,0.00032085891265821765,0.0006914608184006063,0.003847613499961482,0.00035271826245426423,0.05987508670724323,0.052915978357692774,0.028044771388922286,0.0015927415122864942,0.002700556353501556,0.005508152125278457
06011bbad,0.07000184195582596,0.016261101097999,0.029306825416264913,4.445302819115345e-06,7.732740749221703e-05,0.34048578298717613,0.03913687076717649,0.04877902436658318,0.0017089411807371245,0.33022669843479685,0.0002229474182020693,0.00023325107310706778,0.01758924760906052,9.613727642098398e-09,5.230782519104713e-08,7.978658383096345e-06,4.138935516457328e-06,5.472429883059703e-06,0.05667220922999655,0.009418706884280162,0.012916008809098793,1.4349929078163293e-05,0.02692290914193354,3.859043036638839e-06
06355ced6,0.0004927715165144672,0.012007029829284446,0.38917561719016225,0.4613423401586991,4.783278136624722e-10,0.0007592721166862214,0.016868745425038512,2.0702113292035106e-09,5.383102589850715e-07,0.05062593335996546,1.5997318478692024e-07,4.640971955007958e-05,0.003578395726170994,4.255930499193097e-05,3.0225197748703785e-08,5.2231573307587244e-05,1.3885940164225082e-05,0.052173665341848106,0.005407149127803752,0.0005400662284314847,2.5413049348783683e-08,8.552650516729136e-06,0.0032384069410192878,0.0036262113796153837
0637cd357,2.1615480704876856e-06,0.04366049660511474,0.04766006873597078,3.111742895895931e-07,4.726549975247261e-15,0.3051272448305711,0.3251234606619907,1.870837178886785e-11,0.03999320235964106,0.1002506178400836,7.43185453068224e-08,5.520861417941247e-06,6.587059085802256e-07,3.53173824291521e-17,2.967076107444184e-10,0.0023755940506255332,1.4246341363134164e-09,9.864084986918517e-15,0.05664705836567183,0.02013707964489687,0.05899684310639763,5.6551445618744645e-09,2.8778396852274263e-06,1.6721955909748738e-05
06677c2a1,7.607446901164269e-17,6.011757771568466e-08,1.1231911320728581e-12,7.876161067678757e-19,0.030932435195275835,0.0003196570549672591,1.2033278403760253e-11,2.1779223132081075e-16,0.40430614080362365,0.00047203009489825475,0.00027672880203599915,0.36000856912122886,3.0617524712881036e-06,6.750567139401545e-05,0.018096728387351834,0.054886204583183766,0.10311848388678127,0.0002941511004992271,0.018211441254385206,0.003987600368107745,0.001796797345968108,6.734250135473087e-09,1.2340517783534834e-08,0.003222385372325337
06d3bbdd6,1.0368489947980219e-08,0.0012675636411235978,2.5972938981968214e-05,1.4250022403236348e-08,0.05168165926499671,0.0004865803555268789,0.00020413242036984775,1.8616138616494224e-12,0.008605301070673334,1.7351050357069564e-11,0.12032981878276199,0.2664995639292395,0.042295372947295615,0.0485829194002715,0.017553333084467836,0.15911451310288405,0.10524075512563892,0.0016822717841277926,0.013161394196927726,1.7532485590641977e-05,0.014680169735445624,0.08313241497480638,0.0008134248673934238,0.06462528125375179
06ee4df67,0.035855590790816703,0.028347820039760614,0.0081707791427074,0.000691365362218331,2.5013647803809734e-08,0.253143737991902,0.005775582332933286,6.947312117219781e-09,0.0032071850044157577,0.0011721398799143061,0.0018182010697539463,0.002691834637649375,0.006264402244609471,2.891518865890256e-05,5.296421790723517e-07,0.0001610932988716903,0.010019310472811314,3.734223256975169e-08,0.33783510514505705,0.30446034651217196,0.00014894157324695195,3.7739802366397985e-05,9.003547802832824e-05,7.927508673470968e-05
0724b938e,0.4055058454488378,0.006627908392232373,0.0038137898575073075,0.0005848887314533404,0.0023608829542534713,0.10271174835656509,0.055355290081452214,0.01599996264340556,0.08405318733011442,0.10284095299884108,0.0015639478926499709,0.011785246238190872,0.03785011430115137,8.334833906169381e-06,0.0034366285986224656,0.00015072418385522776,0.0015309817703295107,0.0018716269352594577,0.004473401999213261,0.00016004430997115,0.040756710779944375,0.000715948979229948,0.11542895319254448,0.00041287919046910414
0728b2d37,0.16734003570163639,0.009352924951623747,0.025964129756916535,0.004049486436512802,0.0021456533429906376,0.008176455669764599,0.10599755235095454,0.014629556315977107,0.31537613164804035,0.01169912761212954,0.00263183610663872,0.03303927628060548,0.06788209166128614,0.00047231058272452844,0.005934669737667061,0.00010767119277187723,0.012274259486682626,0.04523991554522694,0.0123294550135502,0.0029718877319195288,0.07188612013865632,0.0009475184351550082,0.07747822413482647,0.002073710165742816
0769cc41f,4.620984985314077e-13,5.546391000714104e-07,0.17529280969526212,0.8021751197245403,3.31065201340187e-19,1.271098260369525e-08,9.032540669821274e-06,2.720512539416475e-15,5.043467236007301e-19,0.00017014100130896965,6.609168786031667e-12,3.8825210369713077e-10,4.720793093202403e-12,7.195629576471867e-05,8.764840883823281e-16,1.1364136116264554e-09,1.4741963889229668e-09,0.0002945917039840888,1.0471333520019592e-06,1.977650396790707e-06,3.424049803037923e-20,1.1605485232755382e-08,0.0012222346414531525,0.02076050764704241
076d267e9,2.5685191608352056e-07,1.9971295231797315e-07,3.3947516461905855e-14,1.7380095772438522e-15,0.14846643848666452,1.0852057934304676e-07,3.626131842459809e-08,1.007697945910741e-11,0.001316662512463498,6.034146085969213e-14,0.017985562783006403,0.7979193640894715,6.564511298504525e-11,0.007389802905263437,0.020266645904599177,0.004356530728712835,0.0008897879828884786,2.323593928352225e-12,2.2230241772123022e-05,8.00834137285164e-10,4.2076232674628704e-06,0.0013581424457872855,2.29691820939883e-05,1.0528882673889544e-06
07758f213,0.17719155167599432,0.028906049845958782,0.13049761825742412,0.027254883716067272,0.00015953765107973522,0.005539685914023274,0.05069061977281574,0.30454018578436537,0.008299877594289528,0.021029546107584035,0.0005742014728468706,0.00561649246664775,0.0036221058980840473,0.0016108578402183552,0.001983647182754581,7.332261487211991e-05,0.008423696053898613,0.03135796280777701,0.004729299690280574,0.0089646333354794,0.0029380116269167094,0.0011625697491377024,0.17229235215714028,0.0025412907843438124
07d477123,2.2131829633978248e-08,0.000949755698474408,0.0005086412236060096,8.669294477461782e-10,0.0002309160406570967,0.00014433272776382807,3.923158944648428e-05,1.892477264151009e-08,0.41113647856407737,0.09694000050946332,1.910512585074018e-05,0.2078371549936667,0.01522089690822744,6.445026226491944e-08,0.00016236876499866386,0.04147138342638725,0.15897099112256627,0.0047871810611683375,0.0010882538809375833,0.004382407938539215,0.03735329802532831,4.38074443881234e-09,2.6289124954057608e-05,0.018731202519348483
07e8a69a4,0.05172366906535985,0.02208661468128051,0.08471520916726681,0.006212775085626202,0.00020564366320624045,0.0004759600954857532,0.03858655242019236,0.0005140189079205491,0.3404591562118342,0.05266973850022528,0.001426108445442454,0.015286328281644014,0.23879279840254874,7.182896332272578e-05,0.0008375390135858455,0.000190031633838373,0.005178649333886275,0.006409055452781851,0.02220361455707608,0.016657831827693193,0.06217660537736477,0.00011071477310197242,0.03154457681610034,0.0014649793232155584
0882a07d2,6.6731455416308236e-18,0.1907939536861211,0.058001534004049414,4.335885496407022e-25,2.041419174465527e-11,2.2552495374183515e-13,6.052346355623909e-11,2.186653391683357e-19,9.844182799429092e-22,6.609407667266714e-41,0.7495553318573771,0.0003022878648758104,2.369243849065363e-10,7.873525856915616e-06,1.0361022164325179e-08,2.3121549019373348e-09,2.9886113601123543e-15,1.1207629292598538e-15,3.298159253470136e-11,2.216223913586543e-10,1.0246311411864028e-13,0.0013389799597121348,6.33624522380401e-14,2.585596902700119e-08
08aaf51a8,0.001982459699829473,0.01637960886171034,0.1535719637575363,0.00027702015569693093,3.0703969175654966e-06,0.014319684485911232,0.17219298144145587,0.00010331502539332913,0.000712371872620111,0.0034580790872148696,7.357339212408168e-05,0.0008525978343886713,0.0032578330885874906,0.0009580271514458252,0.032937062286650214,0.01029219747505414,0.00831765096296211,0.00038940237776343117,0.0001736519936684892,0.021705007268755593,0.2582015617755468,0.0025038998906497362,0.04547211662370472,0.2518648630944127
08b58f0b0,0.041645397125186695,0.033924431689516574,0.03372564385246992,0.037605846132088276,0.0001340783747561,0.04089526597416777,0.11647746325082906,0.003018209229044933,0.08355112262285977,0.12286509299645948,0.0003282569569081605,0.02835309896871052,0.2094879453675205,6.2725340090056e-06,0.0003515813615645947,0.00047220250318650474,0.0004427509288957049,0.0020876264203227826,0.03775354375959872,0.004335744991349015,0.11417216550671384,7.847176221159892e-05,0.08510079096147617,0.0031869967301543065
08c11ec6e,0.0012559482063666397,0.005130747041168915,0.0074566825919329385,0.00010412464962574227,0.00019292430214912717,2.8245508483610504e-05,0.0030433233505751532,2.5220816742885407e-06,0.6375683628748949,0.016317755914361475,0.0026130378724359836,0.07622202383892607,0.0389378457545325,4.3006733018566077e-07,4.6838639132212386e-05,0.00015880801600809654,0.0010407306515223449,9.565426499808804e-05,0.15834004746496835,0.014352314260807249,0.03410349330341499,1.3065704812695817e-06,0.0029441641979967713,4.266857621313483e-05
090d27329,0.00042419492464081983,5.360086038582786e-05,0.09372559721406079,0.0033501134050385613,3.8370454089335744e-16,0.13598159371492136,0.01958066935638091,9.760953329217564e-07,0.013541789198133295,0.03890108461440312,0.0001598413894390563,7.747564270334781e-09,1.0005965342383963e-07,6.366267304082601e-12,9.304567177401151e-14,1.0822289814384506e-08,6.091574818279506e-09,4.5529143171437214e-10,0.6183614235061475,0.037953611257186916,0.037964794910557216,1.2517458535610024e-11,5.790805783154925e-07,5.277442475608663e-09
0966a30a3,0.004803431599541721,0.012014312420104424,0.018349963585244357,0.0023444801862942634,6.487326791812744e-05,0.14666865265892892,0.05557456716333105,0.00023449935811354882,0.49226898262160285,0.09496032981507066,8.490796325464597e-05,0.009819312771943223,0.03725169577921174,2.7560829766975404e-06,8.96061615800705e-05,0.00033276908574160073,0.0007753917217539401,0.001979258840814201,0.03396148666486656,0.0014786628332113334,0.05393319253576399,4.3191960096327866e-05,0.032211321987881326,0.000752352934754322
097c4f536,0.0030197409706990354,0.0388976441822802,0.003391174396265015,0.00020248910944356544,4.826623489896818e-05,0.011263934015999367,0.09989878565007185,0.4928865262526061,3.132030496908512e-05,0.304624996556081,6.471207122562944e-05,0.00012894003524453127,7.681653647962238e-05,5.366293313129309e-07,2.0532570470335631e-07,3.3917601234874198e-06,6.2380707438617085e-06,5.570600808985735e-07,0.03010006802504508,0.005887482449886683,0.0004952149554818242,1.1539121352535167e-05,0.008947663893117555,1.1756392868306989e-05
099b55467,0.006935937113448793,0.27740791482916743,0.23233790934669948,0.03617226290407161,4.374973372696221e-09,0.00322765559749957,0.023914839970480873,0.07505008628048106,0.07814841144822117,0.017230543867265823,6.901164025643144e-05,0.0007093113771581252,0.007555578788165661,4.62029129539028e-08,9.517364988692332e-07,2.461898952052519e-05,6.173017299444724e-05,2.7046787328432586e-06,0.21840673475387246,0.021210716066195495,0.0005758664394127568,3.5191910704805605e-06,0.0008955257482745445,5.811848262518631e-05
09cf1cd6b,6.41088290008174e-61,0.1306274984757471,1.0996674047412293e-68,5.458176400086873e-130,3.5033351791692766e-63,0.3480823798902092,8.371495108775847e-21,5.922621184259687e-28,9.99096645412018e-25,0.5212901216340436,2.7171474075619416e-45,1.54737987943331e-33,3.254744123176059e-62,2.058234755772715e-205,8.753342972147349e-110,1.1543922634258352e-49,2.006954049644391e-72,2.9829744366655353e-139,3.05064147487368e-17,4.515450409685231e-61,1.1567637194758336e-17,8.415466734738843e-24,2.3855250040745203e-36,6.54284791542428e-89
09ffed9c0,0.0019773211597909194,0.01326132831303949,0.4078508512976886,0.012329208222947448,3.380136007545594e-10,5.189702540637028e-05,0.03320456586242437,5.429326287364646e-08,0.0005329748633222963,0.02663473770704045,8.125184199354865e-06,8.136057296521242e-05,0.003237100395192624,1.5494233498485556e-07,5.657711161909568e-08,1.7318540330426404e-05,0.0005708440199891616,6.458603321553302e-07,0.3706265346980356,0.1267027908075275,0.00011507962984345464,6.390732722535175e-07,0.0027711851189013057,2.522549702790824e-05
0a45adab2,0.009316295745717643,0.002358041743011545,0.001955083557982808,8.114536965653388e-06,3.905061650403046e-06,0.021480849388604662,0.004862908580541482,0.004594342890780221,0.0003250857759963083,0.45596426531170975,5.764383339573386e-06,0.00045581648169589915,7.329499008171696e-05,1.1128891346498879e-10,2.6206383774403057e-11,1.402270234204373e-06,3.6197002097711838e-09,2.090098234969712e-11,0.2628320638789298,0.19068534560248057,0.04421125310059051,1.1858774701363098e-07,0.0008659914338252274,5.290001851883995e-08
0a64c67f8,1.2804626194798616e-59,0.21589312298406813,1.6873634639277397e-38,3.114719900105227e-61,1.7252156119220473e-07,4.3471906055451487e-13,2.8387258623722234e-27,1.7246230725981318e-36,1.265609167474385e-13,3.348727106944408e-25,0.04347826086669065,0.2152378792268896,2.5660684615301703e-34,0.10193077993677364,0.09305918462610953,0.03234385220969762,0.17261309906313277,4.20750628387216e-64,3.171306651725801e-32,0.12536224864625548,2.463610810884725e-18,7.850441692570086e-37,1.398984017228265e-43,8.139991826006802e-05
0a6a36fb6,0.11136664328707298,0.013074196941827649,0.07386819690723094,0.09493999119140441,4.148076462306652e-07,8.580146038857763e-05,0.006210863243840654,0.00021787022632702496,0.01047767352251352,0.0021623007326788523,0.0003737864112121546,0.003059436677699317,0.0005573311904439499,8.500182905939919e-08,3.8046247794411294e-06,2.3632247988220013e-05,6.250915390185261e-06,3.655976665846742e-07,0.6506779548117911,0.0319201763550204,0.0002883726665326398,5.0240856834406474e-06,0.0005696204253757796,0.00011020666765676078
0a930ca0f,0.0036056278932178705,0.03515897529144527,0.0345946964983089,0.010709200107764539,8.142337725972708e-06,0.01858392587954876,0.15278887912508915,0.0009773643343630766,0.08538204554962994,0.427417198398771,8.910313349775371e-05,0.0037370813806311257,0.06305219397979914,1.2251975978737543e-05,0.00015542028729300351,0.0007160858444226577,0.0001458101869675878,0.00021338632976322446,0.023296524089310818,0.003307877405860415,0.08583694289217064,3.3268005916018754e-05,0.048249204439930374,0.0019287946325940513
0ae65727d,0.4220908586200601,0.0030394537721930444,0.0004990131079616653,0.0017080729836163795,0.00046357001813462294,0.23466880589983063,0.04159847889623441,0.0005684554538514141,0.028103681104242082,0.0653097849362031,0.0005675438767462439,0.0052958051938649265,0.00045472538392435943,1.7521223273749122e-07,0.00015677738877255436,0.0014585040769389212,1.199211340340235e-05,0.00014896282610653297,0.01223187261583127,0.0003265123231928903,0.10572363137200187,0.00010560624546864818,0.07536597368746445,0.0001017428917236853
0b13e273c,3.7932668334822343e-07,7.373919240967852e-06,2.150442638709994e-08,0.00040778811475877114,6.155041112471837e-11,0.04691506202238152,5.461729415183518e-07,2.1023978962760128e-13,0.0007772383600444488,6.134110367146009e-09,0.00028824842792008745,0.09281572677498456,1.3944975690806412e-10,0.0009957765356282979,2.5060968731423905e-10,0.0007286686879843016,0.011279712082393005,9.742757821400497e-07,0.4599160364435794,0.35020686594377476,2.7588240327061143e-06,1.1451646094414956e-07,1.64171264440682e-07,0.035656537309787774
0b2d25d62,1.2926664578594935e-12,2.5967551648045966e-05,0.002052093235278754,0.9206927687540454,7.703033499605585e-33,1.4349110954672267e-09,2.7406467289817256e-14,7.020142397966102e-14,8.558594469273892e-29,0.038711510310408655,2.0073166130245013e-14,4.17851230097575e-06,1.2707083747116996e-25,0.000355674395523322,6.354337504463227e-26,3.546644988680258e-11,9.538990668173086e-25,1.33964954366565e-05,1.1383839502921402e-06,0.03283261903112971,1.0323038938588737e-32,5.941330814321743e-14,2.7926112655761367e-16,0.005310651858430756
0b3cbd762,1.1436098204070641e-07,1.6580402607473304e-06,1.1855172187829263e-18,8.815430581563991e-18,0.8021434662300344,0.03079282251280834,3.641283309146041e-24,5.70767060027453e-20,1.0073197112451813e-15,2.4709348403612096e-33,2.1687561945388205e-06,0.166852703282298,1.9119493437257974e-08,1.169675706046447e-06,0.00018977650050940324,1.6028477103366308e-05,1.5160613079057268e-10,4.095375677975963e-21,4.383133034230137e-15,8.758764960412552e-20,1.512012210848678e-15,2.1806703489882615e-09,4.3306017991291125e-09,6.638172460991152e-08
0b42e54ab,0.3346199965959794,0.004813722520668209,0.005841037900339105,0.0006544030276081678,0.002346643024814872,0.07670212259121201,0.05502400894448529,0.006941819766356103,0.07952125555353351,0.03154450080999676,0.0006323946154929411,0.00983783790094072,0.03482056413757862,1.5189634487173428e-05,0.011786675675577184,0.00026614378698233443,0.001759977923619384,0.0017597118491110581,0.0036237359815548876,0.001314622638294772,0.018540420251819588,0.0009710709891938628,0.31600322587091373,0.0006589180094403728
